
# best results with the Steiner mutation operator:

Network's routers:


#	(x                   , y)

34	(0.864674500112125	 , 0.553986949725371)
35	(0.435097073670801	 , 0.869384230999029)
36	(0.549548421245647	 , 0.169284501829810)
37	(0.189641316775371	 , 0.462813501186943)
38	(0.424480157015521	 , 0.548022220947258)
39	(0.349406438508386	 , 0.646048169731208)
40	(0.254665635713938	 , 0.575543411992360)
41	(0.351910129353732	 , 0.508489250282332)
42	(0.384893788331546	 , 0.353544194679134)
43	(0.900000000000000	 , 0.809157061172525)
44	(0.326153125470482	 , 0.540924171600240)
45	(0.692127808242283	 , 0.529109511572672)
46	(0.764917257638980	 , 0.615151292190077)
47	(0.691233681759463	 , 0.805313069543462)
48	(0.566817045861237	 , 0.510341181991404)
49	(0.772906524311015	 , 0.541511671214773)
50	(0.520710678118655	 , 0.360710678118655)
51	(0.520710678118655	 , 0.360710678118655)
52	(0.513102099947896	 , 0.254910181719410)
53	(0.662853336380934	 , 0.333721083384000)
54	(0.837339242782684	 , 0.900000000000000)
55	(0.575289579151371	 , 0.704131708052505)
56	(0.738984577558879	 , 0.468276884811457)
57	(0.177260361802435	 , 0.900000000000000)
58	(0.449563904759585	 , 0.725332429733490)
59	(0.496298170977397	 , 0.438022906961848)
60	(0.582940142014590	 , 0.492772251401358)
61	(0.551865141119142	 , 0.271453833035262)
62	(0.644124110271757	 , 0.475449883506086)
63	(0.419915175383748	 , 0.470750641091071)
64	(0.663988182191399	 , 0.358468028261588)
65	(0.248040560321354	 , 0.449059526553815)
66	(0.572029725029355	 , 0.669057377295270)
67	(0.768966453076164	 , 0.856297584293463)
68	(0.565229048560048	 , 0.541652519116176)
69	(0.646763893491396	 , 0.693829115018962)
70	(0.627369165333741	 , 0.763531988470668)
71	(0.0856628433750884  , 0.807615185143884)
72	(0.318081334593386	 , 0.596798060320966)
73	(0.346971002273329	 , 0.583895354979152)
74	(0.233752120667263	 , 0.729828915597557)
75	(0.372626272695003	 , 0.733908734599743)
76	(0.279146738452206	 , 0.612851359389287)
77	(0.420925462188130	 , 0.657570407653789)
78	(0.420925462188130	 , 0.657570407653789)
79	(0.234634231570592	 , 0.634496947803077)
80	(0.735320599845064	 , 0.272336013159771)
81	(0.786400822481729	 , 0.705315000625658)
82	(0.657609735590517	 , 0.643020063344939)
83	(0.522164535338306	 , 0.577856998850840)
84	(0.848702879189510	 , 0.763222859792515)
85	(0.273729384739314	 , 0.358561858081107)
86	(0.269107830837925	 , 0.233832426025372)
87	(0.457707422810485	 , 0.386519527281881)
88	(0.550104967872067	 , 0.498866444841139)
89	(0.134831692683939	 , 0.175442103998434)
90	(0.485626147247553	 , 0.341856269128908)
91	(0.617005377421742	 , 0.469964358293304)
92	(0.634173102215754	 , 0.406962432084778)
93	(0.324098738523833	 , 0.319192588450894)
94	(0.427632674190477	 , 0.330989758827907)
95	(0.440543042699780	 , 0.462538751474332)
96	(0.137913456762927	 , 0.130931561784824)
97	(0.339566409450660	 , 0.284428010363730)
98	(0.377391495246126	 , 0.327635290855864)
99	(0.327327098059485	 , 0.433654438379583)
100	(0.346854356927107	 , 0.462460168614229)
101	(0.253197388392822	 , 0.280591880751407)
102	(0.393183192368323	 , 0.276926483860856)
103	(0.455383525593427	 , 0.414675358268165)
104	(0.532101470417956	 , 0.427713032219735)
105	(0.857465338504776	 , 0.123018750166362)
106	(0.737054823742662	 , 0.234765863449063)
107	(0.574411906591464	 , 0.442478627538075)
108	(0.537310027129438	 , 0.528277594673795)
109	(0.489364354242033	 , 0.562665892246934)
110	(0.505954887164134	 , 0.635152429968824)
111	(0.453437303325370	 , 0.513514133264448)
112	(0.581043767396022	 , 0.404908126773920)
113	(0.624599300824160	 , 0.361177924232965)
114	(0.700168663279494	 , 0.347138756042468)
115	(0.771355214746004	 , 0.313825418156909)
116	(0.900000000000000	 , 0.180039793719884)
117	(0.852832276417224	 , 0.261318039619668)
118	(0.178949254251511	 , 0.779006791568472)
119	(0.281799787629269	 , 0.773881799940371)
120	(0.228719693596285	 , 0.837122030627789)
121	(0.408096723771647	 , 0.614172915738446)
122	(0.462355395207848	 , 0.581554285922715)
123	(0.598793066767988	 , 0.584214857341244)
124	(0.637881710543066	 , 0.651730803265860)
125	(0.717364331601154	 , 0.778777161050885)
126	(0.675515698056178	 , 0.615667967620927)
127	(0.515704904183190	 , 0.539654158481257)
128	(0.724258340551252	 , 0.679538849812291)


# best results with the Net Condition mutation operator:

Network's routers:

#	(x                   , y)

34	(0.280961898028744	 , 0.416071133087847)
35	(0.695462149021961	 , 0.587754090008395)
36	(0.898370500462213	 , 0.194728357848936)
37	(0.767961979120831	 , 0.599465897400601)
38	(0.463333952450954	 , 0.465950864118215)
39	(0.247695804504536	 , 0.726764934802792)
40	(0.318569233141447	 , 0.453634287084518)
41	(0.145683484440534	 , 0.847033066017841)
42	(0.494166776807597	 , 0.861728017913649)
43	(0.178250126521241	 , 0.589622254265835)
44	(0.259393227227340	 , 0.482031369433657)
45	(0.361327844845576	 , 0.357883024212730)
46	(0.783115752565809	 , 0.696723129859112)
47	(0.119750572028317	 , 0.664045528018492)
48	(0.326490304461170	 , 0.668832510615886)
49	(0.766170749209405	 , 0.664081135670663)
50	(0.724031969412641	 , 0.482615366144825)
51	(0.503039029500086	 , 0.239283569392763)
52	(0.188206524132972	 , 0.458666003494496)
53	(0.465681921413771	 , 0.526477591495180)
54	(0.531746595535969	 , 0.356616888804668)
55	(0.758956763279586	 , 0.250263306474880)
56	(0.843498253370313	 , 0.578821470235343)
57	(0.226897337439274	 , 0.339698562523025)
58	(0.415696589277203	 , 0.634102279129807)
59	(0.530490371133918	 , 0.664375708268411)
60	(0.658156804528189	 , 0.320398067334019)
61	(0.321279021612442	 , 0.541267604560398)
62	(0.255711195458634	 , 0.544974165863605)
63	(0.549086538939431	 , 0.585461727557703)
64	(0.359115683684462	 , 0.561650905981404)
65	(0.589462825568387	 , 0.456873255021589)
66	(0.564657756733281	 , 0.333998145852512)
67	(0.258048166234254	 , 0.585163635358119)
68	(0.516423928572858	 , 0.529340033251177)
69	(0.649750993982676	 , 0.823400811957621)
70	(0.694789461061566	 , 0.249467471865262)
71	(0.646635322763826	 , 0.674392205320240)
72	(0.575359145477021	 , 0.519284763032595)
73	(0.743614564679725	 , 0.855271071753984)
74	(0.398065605001894	 , 0.316887323803519)
75	(0.878877388455605	 , 0.806872636865190)
76	(0.0725673376564429  , 0.811184249151446)
77	(0.798217898567886	 , 0.754325973631087)
78	(0.162474258474616	 , 0.176535265768342)
79	(0.572070326703609	 , 0.799244702290481)
80	(0.622608562772047	 , 0.552281284106121)
81	(0.338505270246316	 , 0.628409799615507)
82	(0.581960894066119	 , 0.677614039286199)
83	(0.530137095535706	 , 0.754650266702828)
84	(0.471342790477710	 , 0.149203875965299)
85	(0.647931125415808	 , 0.525775580738399)
86	(0.340834345848191	 , 0.590243712995482)
87	(0.733120035520901	 , 0.772190358104134)
88	(0.617095899758719	 , 0.373240329173377)
89	(0.245890004883661	 , 0.225297805993406)
90	(0.636657527388560	 , 0.620053528575754)
91	(0.746680487263461	 , 0.283211022351520)
92	(0.462202610476077	 , 0.375398485576132)
93	(0.606882827350582	 , 0.309709698560606)
94	(0.280671431440064	 , 0.789698757097115)
95	(0.818211252572778	 , 0.883699295656378)
96	(0.672875224136943	 , 0.368699830886629)
97	(0.420688528012993	 , 0.520859056707244)
98	(0.322324720092496	 , 0.341601205757366)
99	(0.878711905322402	 , 0.155535259223920)
100	(0.707201438048638	 , 0.648260021397131)
101	(0.498907564646983	 , 0.334511577736529)
102	(0.613936382622452	 , 0.747247565823125)
103	(0.121675099678648	 , 0.177965393740285)
104	(0.576584143634179	 , 0.699701774686794)
105	(0.440420267492116	 , 0.424382900312158)
106	(0.654500773779732	 , 0.764632178391100)
107	(0.276918559827222	 , 0.373728006629680)
108	(0.541951785685283	 , 0.459497090932975)
109	(0.507873830729940	 , 0.554898293008718)
110	(0.062986453822259   , 0.713249082498434)
111	(0.270047454185156	 , 0.612080278956165)
112	(0.519116858783408	 , 0.431820351373788)
113	(0.326617004032596	 , 0.273628460855971)
114	(0.373758087271850	 , 0.433516624537729)
115	(0.205633150061064	 , 0.245420688444496)
116	(0.120000000000000	 , 0.238287296833722)
117	(0.212366200380973	 , 0.813982308177927)



# best results with the Clone Hyper mutation operator:

Network's routers:

#	(x                   , y)

34	(0.307399128626186	 , 0.573884781209695)
35	(0.304545161533386	 , 0.623391148360963)
36	(0.712545747266613	 , 0.199014773420902)
37	(0.497821004470135	 , 0.655677633542850)
38	(0.438229007687555	 , 0.330034130756101)
39	(0.432724330570358	 , 0.425187178609363)
40	(0.438715008862510	 , 0.613077834464631)
41	(0.347140692164875	 , 0.199014802531619)
42	(0.745449000228142	 , 0.857001966201807)
43	(0.327718652854840	 , 0.465581761423889)
44	(0.263715180465903	 , 0.777999835739804)
45	(0.824723565626156	 , 0.555160566554681)
46	(0.663441196443141	 , 0.875796855676334)
47	(0.831229356445009	 , 0.113675340990224)
48	(0.550248765675032	 , 0.539302668262332)
49	(0.253420592864605	 , 0.864700020019029)
50	(0.240900881530441	 , 0.392603176796039)
51	(0.688845652502498	 , 0.400461685224712)
52	(0.129275524274140	 , 0.189781167495687)
53	(0.433809854859467	 , 0.161391200179693)
54	(0.284067227071559	 , 0.409984679721674)
55	(0.212654204824489	 , 0.562285352271184)
56	(0.719933069740978	 , 0.597438023392160)
57	(0.476434103562115	 , 0.441531862552361)
58	(0.158475035440310	 , 0.888233611550147)
59	(0.404862395557762	 , 0.703610848676651)
60	(0.674110633091661	 , 0.355856512752442)
61	(0.235011322818926	 , 0.263968185066165)
62	(0.608286850597666	 , 0.803384884601055)
63	(0.138806286921851	 , 0.790353955528190)
64	(0.143440691480860	 , 0.283815603714797)
65	(0.561660126173925	 , 0.629836237426288)
66	(0.366265272465362	 , 0.766257181051459)
67	(0.761385395767959	 , 0.244635399272533)
68	(0.584322446680037	 , 0.537018184050473)
69	(0.459257770544564	 , 0.790448026647802)
70	(0.611144636507126	 , 0.472182824374886)
71	(0.640663998759954	 , 0.267433209996925)
72	(0.263693075363409	 , 0.151466184747420)
73	(0.819624000619228	 , 0.249505910256808)
74	(0.430195860668323	 , 0.653386581873971)
75	(0.375241048784864	 , 0.490822713657931)
76	(0.242280757105783	 , 0.356091794453196)
77	(0.275025841550105	 , 0.472675699545949)
78	(0.439282132400849	 , 0.460359435202967)
79	(0.143538126974569	 , 0.551655850986380)
80	(0.807433020243371	 , 0.900000000000000)
81	(0.246504789475542	 , 0.496102319012891)
82	(0.244132216681550	 , 0.310734524012121)
83	(0.323375883000090	 , 0.770430209110879)
84	(0.544610877233775	 , 0.736371646364621)
85	(0.777036648004832	 , 0.297084024417230)
86	(0.684166536525809	 , 0.636856066668380)
87	(0.335164757974006	 , 0.376569494871638)
88	(0.430333400585689	 , 0.843312727164824)
89	(0.258453762362920	 , 0.221713551807291)
90	(0.363557081867717	 , 0.441492671816017)
91	(0.598745699988640	 , 0.295523700393410)
92	(0.358212546764824	 , 0.681737511070689)
93	(0.608094434675021	 , 0.696348461413377)
94	(0.399293630099673	 , 0.246593872844817)
95	(0.659273996382515	 , 0.599706332120690)
96	(0.0720188086043102  , 0.827426274370555)
97	(0.547592273088529	 , 0.271471299175315)
98	(0.635507776174901	 , 0.664518780254088)
99	(0.884498167159372	 , 0.839479418513734)
100	(0.648229834109622	 , 0.558891213220747)
101	(0.555804286648011	 , 0.484276045482887)
102	(0.615551011097811	 , 0.334896951578839)
103	(0.143718474027474	 , 0.695943606496111)
104	(0.337052760326105	 , 0.344062750562774)
105	(0.460752597428466	 , 0.515236578520698)
106	(0.520588606184205	 , 0.353692197261478)
107	(0.763895698595886	 , 0.719712992793468)
108	(0.718043392453220	 , 0.782022863862923)
109	(0.538889790698766	 , 0.436200400797620)
110	(0.751676670633967	 , 0.533408360040341)
111	(0.893272842575079	 , 0.195786812479041)
112	(0.297591499155281	 , 0.823773478436964)
113	(0.443131808254175	 , 0.735260127232029)
114	(0.176207546294918	 , 0.354108115290581)
115	(0.693973735823165	 , 0.562573580932245)
116	(0.347865863204327	 , 0.541713160339591)
117	(0.555193698537474	 , 0.374997945896883)
118	(0.134931176368506	 , 0.611039537711664)
119	(0.471381303776799	 , 0.569194341725118)
120	(0.752484731841190	 , 0.122216670634354)
121	(0.672250952643959	 , 0.437853430234094)
122	(0.737668104380856	 , 0.325082481358147)
123	(0.185316173327005	 , 0.100000000000000)

