
# best results with the Net Condition mutation operator:

Network's routers:

#	(x                ,	y)

8	(254.310912390374 ,	239.673528847722)
9	(469.148755395298 ,	440.719144836682)
10	(623.646114244599 ,	270.333843719202)
11	(381.716875924482 ,	225.604185519174)
12	(345.220074892043 ,	628.384557377496)
13	(201.450365145166 ,	364.250624973565)
14	(417.884717621387 ,	446.825605051689)
15	(506.031312901144 ,	321.698687333363)
16	(600.599155003941 ,	511.308112162414)
17	(625.106228614158 ,	673.147255079666)
18	(466.092460150572 ,	519.436058251810)
19	(691.145168325818 ,	376.619628548000)
20	(685.787666903477 ,	781.135524877676)
21	(455.240163271559 ,	298.933995309515)
22	(521.626975793420 ,	399.602307640363)
23	(344.524978129523 ,	337.843550112154)
24	(89.7752215364533 ,	534.915623465746)
25	(511.927775395093 ,	507.050985248684)
26	(344.229279010217 ,	558.182597725532)
27	(392.144239138599 ,	256.796022288567)
28	(672.387640925807 ,	623.590695647806)
29	(303.870636467602 ,	775.275388275264)
30	(413.552533208912 ,	310.723168813615)
31	(479.968487708071 ,	589.747474753711)
32	(401.400112408205 ,	169.495143867743)
33	(228.174567575439 ,	508.011343286405)
34	(299.641212820741 ,	487.254272105483)
35	(385.375656242203 ,	751.687154441128)
36	(441.378595075386 ,	197.345550824412)
37	(407.234183865312 ,	330.011943257436)
38	(392.685315489558 ,	417.818493737537)
39	(699.826837514324 ,	696.221304030328)
40	(622.732459461643 ,	580.921979675925)
41	(487.446283507626 ,	255.534002056025)
42	(424.438851637704 ,	252.535201816871)
43	(542.439041250531 ,	566.763115718473)
44	(453.478705596160 ,	370.536697000336)
45	(571.005785505586 ,	302.693450649107)
46	(468.136782966043 ,	180.162222765152)
47	(355.366405952367 ,	808.357645665101)
48	(97.6301115336252 ,	576.760199515818)
49	(671.094017635106 ,	396.961581135416)
50	(95.6586025559224 ,	469.884468562054)
51	(422.294564061889 ,	162.748708359856)
52	(512.388368234204 ,	245.857575115054)
53	(424.466232860277 ,	224.417606776281)
54	(403.396928582442 ,	353.891446014908)
55	(482.574111636885 ,	332.093931980608)
56	(589.214805583742 ,	617.535891474840)
57	(320.441095712177 ,	223.085038497631)
58	(360.177641848764 ,	418.385297489404)
59	(407.012902658245 ,	275.955617765889)
60	(403.666990948158 ,	206.193690106675)
61	(354.934587821991 ,	360.999818562630)
62	(454.989305494570 ,	273.080038435488)
63	(319.932526239630 ,	704.277013691104)
64	(589.029210417577 ,	432.169213733327)
65	(228.525958559685 ,	297.208544402208)
66	(146.682200645814 ,	422.520485325741)
67	(379.012286131525 ,	289.181775109780)
68	(418.305257464094 ,	719.531699520146)
69	(352.857594498477 ,	276.910152414890)
70	(434.730531912135 ,	387.711512966895)
71	(321.568836487627 ,	331.803694235530)
72	(427.310976007186 ,	642.062314103297)
73	(160.278937051349 ,	542.870614359328)
74	(510.740242300394 ,	166.979915289350)
75	(333.920475324634 ,	417.134923153075)
76	(353.380821316150 ,	213.610483779393)
77	(756.004513785651 ,	749.834132375897)
78	(627.845095993848 ,	348.487323922093)
79	(554.885405136604 ,	230.046217555494)
80	(475.003829477021 ,	316.692270344392)
81	(619.166387759608 ,	360.084548335737)
82	(373.932906989886 ,	394.099406864910)
83	(673.369720546863 ,	736.943161765146)


# best results with the Clone Hyper mutation operator:

Network's routers:

#	(x                ,	y)

8	(669.718005572008 ,	297.545737177542)
9	(372.555782170886 ,	372.752033416201)
10	(560.787414903525 ,	557.074119022843)
11	(511.285267840755 ,	499.239476861036)
12	(283.814117620654 ,	659.154988843227)
13	(331.573042204566 ,	739.372880118556)
14	(441.265346297203 ,	213.861923170062)
15	(395.056208355972 ,	335.392425874410)
16	(339.118005089828 ,	459.938562600511)
17	(423.201732643071 ,	348.575494291313)
18	(608.416524898565 ,	431.964099451723)
19	(470.919002900711 ,	432.946239731082)
20	(365.547370892202 ,	403.237830635130)
21	(630.698417627694 ,	498.004552600615)
22	(551.705477407368 ,	180.669435537171)
23	(261.549556082220 ,	271.910848278444)
24	(279.775601277995 ,	465.587610394250)
25	(368.553618292083 ,	283.713730527031)
26	(370.217114828806 ,	248.367193618363)
27	(416.211254518739 ,	375.906116994300)
28	(394.615356981457 ,	169.883254038336)
29	(674.323005436091 ,	424.790291122413)
30	(319.015454858592 ,	478.103653357106)
31	(210.692929830290 ,	367.918614658129)
32	(254.324367747477 ,	795.979131422560)
33	(498.024308734497 ,	137.281023209831)
34	(508.387548922291 ,	176.033898847361)
35	(399.844754350005 ,	215.830045784885)
36	(344.180589568824 ,	254.561267487776)
37	(400.449540727425 ,	304.477121986217)
38	(362.622318401160 ,	812.528708520886)
39	(696.748938616393 ,	745.239053254622)
40	(730.161308285316 ,	740.193969977709)
41	(132.617253585133 ,	518.072765076862)
42	(334.945798530621 ,	357.846217604082)
43	(320.245253898647 ,	322.881007545293)
44	(187.472160863581 ,	487.266081147629)
45	(350.468510828041 ,	433.599296203071)
46	(307.872128457349 ,	419.684572766246)
47	(270.505315543698 ,	721.045854685549)
48	(459.453144346599 ,	253.260224237023)
49	(433.010678558071 ,	319.622702416538)
50	(449.980446059738 ,	288.605598059868)
51	(647.623885228545 ,	573.782168463813)
52	(401.057670697730 ,	433.604252466665)
53	(615.738833644091 ,	392.781737102283)
54	(705.195809661662 ,	349.338498382100)
55	(408.873736845585 ,	138.299310277911)
56	(422.272512462176 ,	190.730320917616)
57	(475.859162130172 ,	289.635017764138)
58	(308.446795752524 ,	522.529735377215)
59	(340.960280046862 ,	225.440620644460)
60	(649.348263227850 ,	683.769377468049)
61	(681.611376639325 ,	712.036528355747)
62	(594.757694459867 ,	628.826174096400)
63	(303.696029618583 ,	239.446752402378)
64	(64.5690759364902 ,	534.817336689500)
65	(342.667544717390 ,	660.573109608884)
66	(303.441784490234 ,	596.467732069055)
67	(79.0631674394486 ,	559.621569216937)
68	(677.197565242072 ,	638.270366618470)
69	(401.171211091291 ,	239.248763106811)
70	(285.115824384022 ,	525.881051910333)
71	(447.615295672042 ,	220.745936816728)
72	(473.294266308456 ,	359.067601369835)
73	(585.390274305680 ,	285.485380950531)
74	(617.080160489670 ,	283.022856138120)
75	(578.656057228623 ,	206.508950205373)
76	(564.407295114591 ,	252.206239925923)
77	(210.220589215950 ,	499.961309334248)
78	(617.603166818268 ,	353.031277457533)
79	(311.471512967974 ,	288.394112878075)
80	(318.277843639267 ,	599.880403248254)
81	(219.118980745808 ,	433.101165873986)