
# best results with the Steiner mutation operator:

Network's routers:


#	(x                ,	y)

8	(383.762688834985 ,	646.024096888864)
9	(688.881994750095 ,	414.291693151458)
10	(355.684871593150 ,	408.645042850151)
11	(52.9955862259435 ,	499.514223071424)
12	(405.302595371401 ,	237.846958401702)
13	(414.169258695744 ,	280.210784169107)
14	(74.0593119202595 ,	534.319566671499)
15	(343.892996609654 ,	345.458449846179)
16	(442.940995114212 ,	316.414276519526)
17	(303.213837635689 ,	162.986880809831)
18	(740.731019928885 ,	545.632295307568)
19	(673.449634737522 ,	386.793263480312)
20	(767.528467362678 ,	676.400040230969)
21	(341.961275123299 ,	710.000889707171)
22	(341.311781376819 ,	451.391888411646)
23	(397.378413881650 ,	138.623232375726)
24	(386.714503443197 ,	412.645622435649)
25	(381.769387892250 ,	306.481944046353)
26	(257.711803462692 ,	223.328572646116)
27	(343.794534787359 ,	322.599620671582)
28	(264.115765661903 ,	196.350911632620)
29	(206.614852136361 ,	370.747206075253)
30	(148.234645791589 ,	530.494845850038)
31	(306.977089080234 ,	777.826123253458)
32	(287.128794972325 ,	775.074439506998)
33	(224.886218239166 ,	509.292550004810)
34	(299.307975013539 ,	518.437693524822)
35	(400.545561916663 ,	568.803223992557)
36	(647.520417149998 ,	624.282460165537)
37	(740.893201574818 ,	606.161085023887)
38	(704.642980086233 ,	478.932115394413)
39	(685.526078016999 ,	355.873929905289)
40	(604.972871287488 ,	346.679394663304)
41	(576.676475168193 ,	493.785714199768)
42	(531.697993722881 ,	437.727713364315)
43	(417.570111242068 ,	415.049126663384)
44	(343.016228116496 ,	373.411244380898)
45	(362.751073512222 ,	268.630335775956)
46	(375.717719923008 ,	136.056691202771)
47	(380.696577674610 ,	155.082460036686)
48	(423.784457317306 ,	348.169915431089)
49	(426.743364855151 ,	335.938942434139)
50	(590.130329468108 ,	294.084161163819)
51	(540.664043205589 ,	232.826077190802)
52	(612.125133436883 ,	262.918210693100)
53	(400.880141365917 ,	204.687961951169)
54	(637.945321604791 ,	336.514263129224)
55	(648.588106557654 ,	697.638250237597)
56	(684.231360889815 ,	757.646494384825)
57	(563.989161238830 ,	220.618139862365)
58	(508.117465710362 ,	184.267609928407)
59	(620.804040837454 ,	556.728744584576)
60	(477.316631542251 ,	381.283771434642)
61	(765.754898684039 ,	750.175115129896)
62	(475.986234394345 ,	201.233317678302)
63	(317.207069769644 ,	419.355134211434)
64	(419.618806914620 ,	494.599001172999)
65	(274.671342497128 ,	697.894932797707)
66	(227.882303319237 ,	263.456017405611)
67	(331.846499965570 ,	479.998671859013)
68	(447.559962527126 ,	267.335167768730)
69	(318.654754499645 ,	556.226458891677)
70	(462.158394772771 ,	193.389374012941)
71	(508.995751346370 ,	257.394635925538)
72	(631.608072181848 ,	358.588947014599)
73	(398.861223601778 ,	183.106230914346)
74	(484.164572361234 ,	332.255497578364)
75	(229.745802388299 ,	297.024731748874)
76	(140.515227801247 ,	402.292305209146)
77	(313.607647036460 ,	133.894552559512)
78	(435.866875979454 ,	194.574626762237)
79	(391.579078109599 ,	256.271227793124)
80	(290.884470442465 ,	629.619092554367)
81	(458.829874641651 ,	185.030397492783)
82	(424.594141168088 ,	373.970353626490)
83	(347.773519126491 ,	260.798694443293)
84	(72.7791160112103 ,	444.775608070153)




# best results with the Net Condition mutation operator:

Network's routers:

#	(x                ,	y)

8	(693.784838307106 ,	400.130441437129)
9	(336.143245055989 ,	728.724015547093)
10	(55.5174878157975 ,	504.736016359132)
11	(646.345324976172 ,	654.212594045508)
12	(603.491571654838 ,	397.350838491844)
13	(506.861732191730 ,	563.691095235101)
14	(375.885058142929 ,	250.524840938878)
15	(373.721538064013 ,	395.854899311439)
16	(232.129838967516 ,	343.316098818848)
17	(592.857672548647 ,	656.054605143127)
18	(164.441572025450 ,	494.445835945388)
19	(425.786770383763 ,	164.359463161916)
20	(738.890583093212 ,	459.283121759950)
21	(119.666501648707 ,	377.951930332922)
22	(739.613801343126 ,	770.994979283356)
23	(655.189961036617 ,	790.970596013357)
24	(405.682154045885 ,	292.534607211258)
25	(522.513446390267 ,	621.303710089722)
26	(355.568027989769 ,	591.489009701111)
27	(302.329120878563 ,	324.385585382595)
28	(439.016601098721 ,	540.759832811161)
29	(194.800199346760 ,	326.659991433495)
30	(83.4647540922129 ,	449.242099241014)
31	(370.324035080802 ,	660.531290312762)
32	(358.356388990101 ,	420.240855186496)
33	(207.333985777397 ,	397.116962693855)
34	(285.314043074208 ,	782.258102713078)
35	(421.223192187476 ,	221.636872664244)
36	(250.080059952332 ,	263.473211382049)
37	(354.286045379652 ,	354.964299365565)
38	(622.058422688597 ,	333.521917039512)
39	(427.988091979683 ,	368.537319893343)
40	(430.188696917367 ,	294.194620717883)
41	(432.544199068788 ,	616.184956653028)
42	(208.647633017956 ,	459.872616407330)
43	(465.783115283763 ,	206.023662336205)
44	(214.026513322756 ,	256.167475713447)
45	(517.189194637796 ,	176.773492229675)
46	(352.499884608414 ,	191.479291089346)
47	(595.902451694275 ,	609.722588635412)
48	(94.6635596824258 ,	520.754190401101)
49	(460.714476699947 ,	514.415886057695)
50	(679.122006813970 ,	726.009064304578)
51	(383.022902008995 ,	224.237002141375)
52	(308.064904402085 ,	795.971756137203)
53	(19.7395947348845 ,	522.813650163571)
54	(357.152067820831 ,	281.881030665620)
55	(404.877654510310 ,	422.930272777696)
56	(568.349419096742 ,	398.686139119718)
57	(396.624952322373 ,	676.371590305087)
58	(281.142935881632 ,	216.521506656089)
59	(428.144522875561 ,	264.750194120917)
60	(668.630379668990 ,	336.104441150079)
61	(547.082972494201 ,	214.772686319176)
62	(452.711971729291 ,	185.223821586670)
63	(467.143554547385 ,	242.367946307769)
64	(419.189226376693 ,	192.892056387278)
65	(428.754678327424 ,	393.997846583836)
66	(640.607551080612 ,	717.497097406273)
67	(605.848490468376 ,	475.271200226699)
68	(632.437541353840 ,	539.102320032175)
69	(598.309685130274 ,	270.174129121301)
70	(625.807590198802 ,	424.990000170543)
71	(337.614300595628 ,	523.219643851223)
72	(440.508116923190 ,	237.906926786816)
73	(529.425305637565 ,	346.671660365845)
74	(404.799754204457 ,	320.672989197878)
75	(154.146189921670 ,	326.993013442571)
76	(455.538531276092 ,	462.686175825138)
77	(330.423773369666 ,	450.396361852832)
78	(346.423723400211 ,	323.644749528679)
79	(486.781584169454 ,	299.652738751608)
80	(430.195523883404 ,	148.821480376703)
81	(449.838540348392 ,	441.995616279340)
82	(374.239959462665 ,	316.463224675917)


# best results with the Clone Hyper mutation operator:

Network's routers:

#	(x                ,	y)

8	(140.814063762963 ,	591.291780125146)
9	(413.333788695179 ,	212.955126456203)
10	(475.746191075336 ,	524.794986219999)
11	(486.878337871730 ,	457.575985129362)
12	(300.832459222335 ,	364.047638179784)
13	(370.925610826393 ,	407.553820796450)
14	(89.9122481889124 ,	583.580638776269)
15	(221.327832124427 ,	351.646395619830)
16	(304.396370894119 ,	194.911327889384)
17	(458.525053082394 ,	600.739031544916)
18	(263.862094217971 ,	234.418528961521)
19	(225.648701099460 ,	552.032544753921)
20	(271.019428033557 ,	775.441436740443)
21	(269.416235167927 ,	513.324031508575)
22	(324.443409851162 ,	675.826388871879)
23	(229.611608645627 ,	293.819673201928)
24	(586.519011401801 ,	580.021729849977)
25	(105.639969436497 ,	404.234081330468)
26	(39.5508076686674 ,	429.458507985222)
27	(512.288651933314 ,	447.231988447583)
28	(60.8081201672735 ,	497.107220886910)
29	(486.690964844317 ,	308.895784468434)
30	(178.189715445481 ,	561.681432653526)
31	(517.381788783982 ,	338.096388232483)
32	(382.241096819209 ,	190.422524040406)
33	(481.915549418278 ,	229.056676245466)
34	(616.585373190371 ,	506.205056019896)
35	(326.870980694095 ,	403.832298984368)
36	(389.413895527494 ,	265.311179781371)
37	(374.064528133330 ,	226.025738515941)
38	(383.308361215617 ,	156.020810680138)
39	(456.563671549499 ,	166.368374025844)
40	(552.598506947422 ,	178.216328103255)
41	(683.371222989333 ,	755.619996277156)
42	(317.667180367341 ,	746.695318658658)
43	(345.071274734258 ,	535.971549795657)
44	(489.336727055252 ,	275.001782145268)
45	(714.076986445504 ,	616.501239516441)
46	(562.702808103582 ,	384.814982163773)
47	(398.618432181327 ,	301.893419938450)
48	(643.832656236652 ,	698.935068582306)
49	(568.674865452872 ,	502.870937456040)
50	(588.118716759498 ,	244.228621808349)
51	(603.422631198029 ,	294.048465179685)
52	(646.425464609096 ,	319.603579674559)
53	(613.792469947505 ,	361.522322745150)
54	(728.608153540862 ,	665.862262852346)
55	(321.912313860433 ,	292.119485342066)
56	(349.227076992727 ,	256.554869034440)
57	(310.640370044662 ,	261.817534733150)
58	(182.391304725048 ,	395.150727652025)
59	(482.606481890783 ,	164.649496887489)
60	(476.825803409334 ,	197.972064723870)
61	(358.823419614096 ,	693.884187636081)
62	(597.583482773069 ,	650.151653761049)
63	(672.378156938135 ,	413.945357046811)
64	(578.744844497757 ,	455.718659281711)
65	(658.254632270738 ,	571.604972887851)
66	(611.696951732924 ,	267.281274092785)
67	(315.984391786343 ,	325.422691410817)
68	(337.859160414459 ,	611.351993152664)
69	(443.322155270288 ,	375.365456981368)
70	(482.601170041814 ,	378.946881164940)
71	(379.292094160178 ,	761.652465681342)
72	(332.383100492226 ,	812.674526513803)
73	(715.317846299891 ,	355.737212392092)
74	(394.608412145889 ,	633.988145646613)
75	(331.907806166625 ,	477.341761074142)
76	(422.016772510117 ,	185.668409314951)
77	(505.742692951848 ,	159.128994161986)
78	(412.141057365623 ,	375.564871974481)
79	(527.251729479057 ,	183.337351048235)
80	(579.354236952800 ,	212.950346464426)
81	(735.244895817518 ,	744.236040466013)
82	(360.534863422833 ,	435.478016586000)
83	(398.433938457240 ,	429.273231860734)
84	(498.658755234820 ,	333.744884354651)

